0.0 0.8 1
0.03125 0.8007827448910358 2
0.0625 0.8031394544498112 3
0.09375 0.8070900927087348 4
0.125 0.8126640702485304 5
0.15625 0.8199005211382534 6
0.1875 0.8288486769097761 7
0.21875 0.8395683426399043 8
0.25 0.8521304816578569 9
0.28125 0.8666179169562185 10
0.3125 0.8831261590873158 11
0.34375 0.901764372207699 12
0.375 0.9226564920249595 13
0.40625 0.9459425117460692 14
0.4375 0.971779954769301 15
0.46875 1.0003455558564254 16
0.5 1.0318371759289053 17
0.53125 1.0664759795223044 18
0.5625 1.1045089083882407 19
0.59375 1.1462114898490292 20
0.625 1.191891024397536 21
0.65625 1.2418902038233506 22
0.6875 1.296591218989306 23
0.71875 1.3564204254571535 24
0.75 1.421853645678116 25
0.78125 1.4934221986692229 26
0.8125 1.5717197622814607 27
0.84375 1.6574101896714262 28
0.875 1.7512364208211062 29
0.90625 1.854030652386941 30
0.9375 1.966725955367312 31
0.96875 2.0903695607256845 32
