0.0 0.8 1
0.03125 0.8007826731557659 2
0.0625 0.8031393102784672 3
0.09375 0.8070898749730077 4
0.125 0.8126637773820353 5
0.15625 0.8199001511217159 6
0.1875 0.8288482272516021 7
0.21875 0.8395678103519488 8
0.25 0.8521298632260665 9
0.28125 0.8666172083056883 10
0.3125 0.8831253555413809 11
0.34375 0.9017634684402986 12
0.375 0.9226554820057429 13
0.40625 0.9459413886774357 14
0.4375 0.9717787110144059 15
0.46875 1.000344182857055 16
0.5 1.031835664112041 17
0.53125 1.0664743181939538 18
0.5625 1.104507085612897 19
0.59375 1.1462094923127333 20
0.625 1.1918888372525827 21
0.65625 1.2418878105118807 22
0.6875 1.2965886010430991 23
0.71875 1.3564175622701478 24
0.75 1.4218505142477746 25
0.78125 1.4934187733022886 26
0.8125 1.5717160142590074 27
0.84375 1.6574060868671405 28
0.875 1.751231927265848 29
0.90625 1.854025727771709 30
0.9375 1.9667205544749988 31
0.96875 2.0903636327810085 32
