0.0 0.8 1
0.031273841857910156 0.8007838512757202 2
0.06254768371582031 0.8031440818403998 3
0.09382152557373047 0.8071007116916664 4
0.12509536743164062 0.8126832366004657 5
0.15636920928955078 0.8199309062872114 6
0.18764305114746094 0.8288931000877544 7
0.2189168930053711 0.8396298052133793 8
0.25019073486328125 0.8522122041622567 9
0.2814645767211914 0.86672337941112 10
0.31273841857910156 0.8832591452297688 11
0.3440122604370117 0.9019290183552597 12
0.3752861022949219 0.922857341368056 13
0.40655994415283203 0.946184574973473 14
0.4378337860107422 0.9720687780535999 15
0.46910762786865234 1.000687297370752 16
0.5003814697265625 1.0322386922359488 17
0.5316553115844727 1.0669449233751147 18
0.5629291534423828 1.105053839714389 19
0.594202995300293 1.1468420019622718 20
0.6254768371582031 1.1926178877987754 21
0.6567506790161133 1.2427255303257227 22
0.6880245208740234 1.2975486493381727 23
0.7192983627319336 1.357515344127631 24
0.7505722045898438 1.4231034271314262 25
0.7818460464477539 1.494846490055139 26
0.8131198883056641 1.5733408083986327 27
0.8443937301635742 1.659253206972192 28
0.8756675720214844 1.7533300283907824 29
0.9069414138793945 1.856407369177509 30
0.9382152557373047 1.9694227745563022 31
0.9694890975952148 2.0934286139500893 32
